112233
123321
1234567890
11223344
121212
111222
123369
147258369
159951
123789
147258
159357
13800138000
123456789a
qqq123
123456789.
123654
110110
123456a
1234567891
111111a
a123456
123457
12345678910
741852963
1122334455
112233445566
111222333
1314520
987654321
789456
911911
134679852
1234561
142536
123456.
123123123123
456789
zxcvbnm
951753
12121212
1234566
147369
321321
131313
1234568
131415
7758258
123456789
123456798
123465
123698745
123321123
110120
asdasd
1111
123987
1217868388
666888
123456987
qq123456
123123a
123456qq
888666
1234569
232323
123456654321
778899
222333
qwertyuiop
qweasdzxc
12344321
212121
369258147
a123456789
123654789
z123456
11112222
a12345
qweasd
321321321
555666
135792468
11111
123455
1234567899
123456123
1357924680
q123456789
654321
111qqq
1234567890123
520520
12345679
q123456
12345600
258369
111112
963852741
246810
123456..
qazwsxedc
000123
zxcvbn
1234560
1122334
110112
asdasdasd
1233211234567
nihao123
110120119
a123123
159357456
888999
110119
110110110
abc123456
CAONIMA
111111q
120120
qq1234
12345678900
134679
123456w
131131
13579246810
asdzxc
258258
123123123
7654321
1234567
123...
123567
123456789l
686868
456123
abcd1234
222222
112358
qwer123456
q123123
qq123456789
336699
123456
qwerty
31415926
abc123
321654
565656
789123
110119120
333666
123456000
55555
a11111111
223344
qazwsx
54545454
123789456
0987654321
101010
741852
987654
1234qwer
abcd123
456789123
555555
123qweasd
7894561230
a1234567
456456456
123qwe
852456
0000000
qweasd123
789789789
11111111
zzzxxx
asd123
1a2b3c
0123456
1234554321
123456q
12348765
123abc
963852
123456+
1qaz2wsx
202020
ASDFGHJKL
111111
556677
989898
1234567A
110120130
ab123456
314159
